-4.197212753317936
-4.399437544135994
-5.612731257340049
-8.183914223300842
-10.2650781363116
-10.736559614639928
-11.106826676002369
-10.392253231313301
-12.30008504540332
-12.973130077975323
-11.869918124751326
-12.632503625873987
-12.358675068770244
-11.789734455871468
-12.99213642625416
-13.50172047720238
-13.19710990086702
-12.832014206005596
-13.171256716036988
-13.171010940496322
---
0.2878849710656254
0.34858587424225995
0.3177355155022696
0.3414336581735825
0.39503505396958427
0.4111593867341233
0.4051744632266407
0.3872694070746636
0.42611897403642174
0.46245879325437916
0.4163911628432528
0.44192903160735075
0.4259473690137853
0.4127013409105927
0.4630693582067981
0.45589323972344575
0.450474470186558
0.4492931533666931
0.45823259648465064
0.43898705960095813
---
-4.197212753317936
-4.399437544135994
-5.612731257340049
-8.183914223300842
-10.265078136311601
-10.736559614639928
-11.106826676002369
-10.392253231313301
-12.300085045403323
-12.973130077975323
-11.869918124751326
-12.632503625873985
-12.358675068770243
-11.789734455871468
-12.992136426254165
-13.50172047720238
-13.19710990086702
-12.832014206005598
-13.171256716036988
-13.171010940496322
---
